1 2.563680 3.219802 0.053377
6 2.654634 3.384954 0.058786
11 2.314644 4.212809 0.046707
16 2.534152 4.597230 0.040252
21 2.457024 4.694534 0.040586
26 2.477390 4.764133 0.043967
31 2.532142 4.991695 0.041551
36 2.585259 4.984856 0.046462
41 2.398455 4.889440 0.041458
46 2.587988 4.370604 0.044567
51 2.293381 4.754971 0.046828
56 2.503627 5.046977 0.044773
61 2.540851 4.895331 0.043030
66 2.621626 4.654959 0.043170
71 2.508222 4.445713 0.043522
76 2.369515 4.545789 0.043555
81 2.578018 4.757920 0.044031
86 2.431839 4.649484 0.042574
91 2.327519 4.349064 0.041301
96 2.309280 4.318415 0.039832
101 2.239770 4.315781 0.040427
106 2.246976 4.340558 0.041280
111 2.251610 4.615975 0.039694
116 2.293434 4.561650 0.041329
121 2.342143 4.423147 0.040437
126 2.215958 4.195070 0.039411
131 2.077560 4.298841 0.031077
136 2.267499 4.534598 0.034700
141 2.134789 4.397229 0.031851
146 2.090708 4.302129 0.034207
151 2.387881 4.424285 0.034856
156 2.197346 5.357892 0.032273
161 2.107346 4.406738 0.034332
166 2.108408 4.164947 0.031051
171 2.068132 5.135660 0.033367
176 2.081317 4.232641 0.031656
181 2.092497 4.281330 0.031950
186 1.993178 4.222603 0.032408
191 2.089082 5.024194 0.031697
196 2.015717 5.132513 0.030867
